0.000000000000000000e+00
3.563250909987241414e-05
1.423340311407802854e-04
3.198119201000262034e-04
5.677753338050854246e-04
8.859352191537570118e-04
1.274004297463148970e-03
1.731697049990321702e-03
2.258729703564049587e-03
2.854820216399194671e-03
3.519688264032920077e-03
4.253055225425345434e-03
5.054644169164338417e-03
5.924179839845914071e-03
6.861388644569551762e-03
7.865998639591330333e-03
8.937739517074523923e-03
1.007634259200527495e-02
1.128154078923890476e-02
1.255306863064328989e-02
1.389066222240519302e-02
1.529405924244231843e-02
1.676299892795994270e-02
1.829722206309648477e-02
1.989647096672616730e-02
2.156048948035870633e-02
2.328902295618336810e-02
2.508181824518897901e-02
2.693862368544163582e-02
2.885918909045188593e-02
3.084326573767693508e-02
3.289060635710190639e-02
3.500096511996438065e-02
3.717409762756845176e-02
3.940976090022840078e-02
4.170771336628330966e-02
4.406771485125011989e-02
4.648952656707881076e-02
4.897291110148292020e-02
5.151763240740361849e-02
5.412345579255613270e-02
5.679014790909567290e-02
5.951747674334668253e-02
6.230521160566629413e-02
6.515312312038142040e-02
6.806098321584251598e-02
7.102856511453788102e-02
7.405564332333222644e-02
7.714199362378375280e-02
8.028739306256275909e-02
8.349161994193630976e-02
8.675445381036538117e-02
9.007567545319218605e-02
9.345506688338663104e-02
9.689241133240659998e-02
1.003874932411311788e-01
1.039400982508900950e-01
1.075500131945479193e-01
1.112170260877040351e-01
1.149409261199487026e-01
1.187215036462275081e-01
1.225585501782462255e-01
1.264518583759875192e-01
1.304012220392913035e-01
1.344064360995239349e-01
1.384672966112985570e-01
1.425836007442931319e-01
1.467551467751480876e-01
1.509817340794056828e-01
1.552631631235565635e-01
1.595992354571393879e-01
1.639897537049152809e-01
1.684345215591258327e-01
1.729333437717914534e-01
1.774860261471038203e-01
1.820923755338910155e-01
1.867521998181201348e-01
1.914653079154942650e-01
1.962315097641036121e-01
2.010506163171558724e-01
2.059224395357418247e-01
2.108467923816950695e-01
2.158234888104993976e-01
2.208523437642707365e-01
2.259331731647793162e-01
2.310657939065577648e-01
2.362500238500508942e-01
2.414856818148494733e-01
2.467725875729459561e-01
2.521105618420829142e-01
2.574994262791555633e-01
2.629390034736428516e-01
2.684291169411338052e-01
2.739695911168805731e-01
2.795602513494395147e-01
2.852009238943215563e-01
2.908914359077373613e-01
2.966316154403896288e-01
3.024212914312915945e-01
3.082602937016762912e-01
3.141484529489316224e-01
3.200856007405963322e-01
3.260715695084172583e-01
3.321061925424326211e-01
3.381893039851244231e-01
3.443207388256315782e-01
3.505003328939731988e-01
3.567279228553598691e-01
3.630033462045332837e-01
3.693264412601658941e-01
3.756970471592890326e-01
3.821150038517820979e-01
3.885801520949166421e-01
3.950923334479177207e-01
4.016513902665998503e-01
4.082571656980304997e-01
4.149095036752458165e-01
4.216082489120123733e-01
4.283532468976178342e-01
4.351443438917210194e-01
4.419813869192480982e-01
4.488642237653048261e-01
4.557927029701588917e-01
4.627666738242485756e-01
4.697859863632479205e-01
4.768504913631428921e-01
4.839600403353766511e-01
4.911144855220322403e-01
4.983136798910300369e-01
5.055574771313944282e-01
5.128457316485379724e-01
5.201782985595981845e-01
5.275550336888072955e-01
5.349757935628904892e-01
5.424404354065106570e-01
5.499488171377624468e-01
5.575007973636714187e-01
5.650962353757531531e-01
5.727349911456073306e-01
5.804169253205347934e-01
5.881418992192081197e-01
5.959097748273473050e-01
6.037204147934698284e-01
6.115736824246382763e-01
6.194694416822594807e-01
6.274075571779226257e-01
6.353878941692518989e-01
6.434103185558156524e-01
6.514746968750402267e-01
6.595808962981792867e-01
6.677287846263127991e-01
6.759182302863558922e-01
6.841491023271253358e-01
6.924212704154258935e-01
7.007346048321623222e-01
7.090889764684988883e-01
7.174842568220209937e-01
7.259203179929609728e-01
7.343970326804197812e-01
7.429142741786416426e-01
7.514719163733118990e-01
7.600698337378779534e-01
7.687079013299042973e-01
7.773859947874547371e-01
7.861039903254960493e-01
7.948617647323457103e-01
8.036591953661271770e-01
8.124961601512646903e-01
8.213725375750053903e-01
8.302882066839558650e-01
8.392430470806693243e-01
8.482369389202274457e-01
8.572697629068756209e-01
8.663414002906694167e-01
8.754517328641461260e-01
8.846006429590307363e-01
8.937880134429601053e-01
9.030137277162360032e-01
9.122776697085968056e-01
9.215797238760108367e-01
9.309197751975186730e-01
9.402977091720613467e-01
9.497134118153621740e-01
9.591667696568196844e-01
9.686576697364185362e-01
9.781859996016890602e-01
9.877516473046475953e-01
9.973545013988037722e-01
1.006994450936157248e+00
1.016671385464230637e+00
1.026385195023128638e+00
1.036135770142605939e+00
1.045923001839176969e+00
1.055746781613214891e+00
1.065607001446107871e+00
1.075503553797417577e+00
1.085436331602053661e+00
1.095405228267479769e+00
1.105410137670939319e+00
1.115450954156694152e+00
1.125527572533297382e+00
1.135639888070868464e+00
1.145787796498392908e+00
1.155971194001062630e+00
1.166189977217600315e+00
1.176444043237629522e+00
1.186733289599053665e+00
1.197057614285465421e+00
1.207416915723549922e+00
1.217811092780530347e+00
1.228240044761629735e+00
1.238703671407538787e+00
1.249201872891902765e+00
1.259734549818844362e+00
1.270301603220484354e+00
1.280902934554493333e+00
1.291538445701650772e+00
1.302208038963423409e+00
1.312911617059573377e+00
1.323649083125768788e+00
1.334420340711208741e+00
1.345225293776287412e+00
1.356063846690249930e+00
1.366935904228876231e+00
1.377841371572180895e+00
1.388780154302131864e+00
1.399752158400376922e+00
1.410757290245989060e+00
1.421795456613238917e+00
1.432866564669362797e+00
1.443970521972369747e+00
1.455107236468836440e+00
1.466276616491742679e+00
1.477478570758311349e+00
1.488713008367860358e+00
1.499979838799672560e+00
1.511278971910884561e+00
1.522610317934386170e+00
1.533973787476732298e+00
1.545369291516073273e+00
1.556796741400098716e+00
1.568256048843996497e+00
1.579747125928419482e+00
1.591269885097472470e+00
1.602824239156717789e+00
1.614410101271182230e+00
1.626027384963383504e+00
1.637676004111379369e+00
1.649355872946803414e+00
1.661066906052952596e+00
1.672809018362851674e+00
1.684582125157359611e+00
1.696386142063263103e+00
1.708220985051404517e+00
1.720086570434810280e+00
1.731982814866840581e+00
1.743909635339337516e+00
1.755866949180799885e+00
1.767854674054563979e+00
1.779872727956998579e+00
1.791921029215716832e+00
1.803999496487782794e+00
1.816108048757951510e+00
1.828246605336905528e+00
1.840415085859512523e+00
1.852613410283087569e+00
1.864841498885676740e+00
1.877099272264337815e+00
1.889386651333446743e+00
1.901703557323005001e+00
1.914049911776969148e+00
1.926425636551572396e+00
1.938830653813679472e+00
1.951264886039138169e+00
1.963728256011149975e+00
1.976220686818645600e+00
1.988742101854672040e+00
2.001292424814783644e+00
2.013871579695472924e+00
2.026479490792568949e+00
2.039116082699674148e+00
2.051781280306610444e+00
2.064475008797861388e+00
2.077197193651039164e+00
2.089947760635351148e+00
2.102726635810086009e+00
2.115533745523096254e+00
2.128369016409302983e+00
2.141232375389205966e+00
2.154123749667406162e+00
2.167043066731126455e+00
2.179990254348764367e+00
2.192965240568424790e+00
2.205967953716488683e+00
2.218998322396176892e+00
2.232056275486119290e+00
2.245141742138954122e+00
2.258254651779907363e+00
2.271394934105410268e+00
2.284562519081699605e+00
2.297757336943446305e+00
2.310979318192381449e+00
2.324228393595938247e+00
2.337504494185891790e+00
2.350807551257026784e+00
2.364137496365790181e+00
2.377494261328980674e+00
2.390877778222404437e+00
2.404287979379589046e+00
2.417724797390469860e+00
2.431188165100095055e+00
2.444678015607347099e+00
2.458194282263656216e+00
2.471736898671739180e+00
2.485305798684334544e+00
2.498900916402948535e+00
2.512522186176604500e+00
2.526169542600612328e+00
2.539842920515338331e+00
2.553542255004973782e+00
2.567267481396325657e+00
2.581018535257618485e+00
2.594795352397272659e+00
2.608597868862731151e+00
2.622426020939266245e+00
2.636279745148801812e+00
2.650158978248743580e+00
2.664063657230814730e+00
2.677993719319905708e+00
2.691949101972917369e+00
2.705929742877621891e+00
2.719935579951529458e+00
2.733966551340757167e+00
2.748022595418912584e+00
2.762103650785971976e+00
2.776209656267186077e+00
2.790340550911961870e+00
2.804496273992782562e+00
2.818676765004120899e+00
2.832881963661341373e+00
2.847111809899649959e+00
2.861366243873007864e+00
2.875645205953079042e+00
2.889948636728177700e+00
2.904276477002207812e+00
2.918628667793641718e+00
2.933005150334463629e+00
2.947405866069152225e+00
2.961830756653654806e+00
2.976279763954362778e+00
2.990752830047121780e+00
3.005249897216200505e+00
3.019770907953308825e+00
3.034315804956603913e+00
3.048884531129691933e+00
3.063477029580662592e+00
3.078093243621098374e+00
3.092733116765115753e+00
3.107396592728402851e+00
3.122083615427248660e+00
3.136794128977610896e+00
3.151528077694150110e+00
3.166285406089295762e+00
3.181066058872316304e+00
3.195869980948379041e+00
3.210697117417639301e+00
3.225547413574304745e+00
3.240420814905735636e+00
3.255317267091532685e+00
3.270236716002628885e+00
3.285179107700397783e+00
3.300144388435763521e+00
3.315132504648300227e+00
3.330143402965371813e+00
3.345177030201231805e+00
3.360233333356171137e+00
3.375312259615640631e+00
3.390413756349391683e+00
3.405537771110620060e+00
3.420684251635112805e+00
3.435853145840413347e+00
3.451044401824953756e+00
3.466257967867246492e+00
3.481493792425039313e+00
3.496751824134482156e+00
3.512032011809314902e+00
3.527334304440048918e+00
3.542658651193142827e+00
3.558005001410210699e+00
3.573373304607205814e+00
3.588763510473629292e+00
3.604175568871728963e+00
3.619609429835714653e+00
3.635065043570966825e+00
3.650542360453263413e+00
3.666041331027996453e+00
3.681561906009406027e+00
3.697104036279804884e+00
3.712667672888825710e+00
3.728252767052651517e+00
3.743859270153261143e+00
3.759487133737691611e+00
3.775136309517276523e+00
3.790806749366910200e+00
3.806498405324318490e+00
3.822211229589306924e+00
3.837945174523046177e+00
3.853700192647342870e+00
3.869476236643911271e+00
3.885273259353663189e+00
3.901091213775996991e+00
3.916930053068078177e+00
3.932789730544147933e+00
3.948670199674808146e+00
3.964571414086329515e+00
3.980493327559955219e+00
3.996435894031223235e+00
4.012399067589265123e+00
4.028382802476127900e+00
4.044387053086097694e+00
4.060411773965031834e+00
4.076456919809672286e+00
4.092522445466996395e+00
4.108608305933538318e+00
4.124714456354731773e+00
4.140840852024267882e+00
4.156987448383423711e+00
4.173154201020426335e+00
4.189341065669800024e+00
4.205547998211729421e+00
4.221774954671412061e+00
4.238021891218444637e+00
4.254288764166163084e+00
4.270575529971032402e+00
4.286882145232024044e+00
4.303208566689988857e+00
4.319554751227029143e+00
4.335920655865908024e+00
4.352306237769417940e+00
4.368711454239782022e+00
4.385136262718044797e+00
4.401580620783482445e+00
4.418044486152989059e+00
4.434527816680495782e+00
4.451030570356365956e+00
4.467552705306813365e+00
4.484094179793326695e+00
4.500654952212072679e+00
4.517234981093319668e+00
4.533834225100872750e+00
4.550452643031490219e+00
4.567090193814313359e+00
4.583746836510315781e+00
4.600422530311712777e+00
4.617117234541424864e+00
4.633830908652513791e+00
4.650563512227612328e+00
4.667315004978407345e+00
4.684085346745056277e+00
4.700874497495652449e+00
4.717682417325687716e+00
4.734509066457516901e+00
4.751354405239805345e+00
4.768218394146999550e+00
4.785100993778811151e+00
4.802002164859660027e+00
4.818921868238179584e+00
4.835860064886667864e+00
4.852816715900580391e+00
4.869791782498011479e+00
4.886785226019171979e+00
4.903797007925889240e+00
4.920827089801092846e+00
4.937875433348295040e+00
4.954942000391111101e+00
4.972026752872728217e+00
4.989129652855440078e+00
5.006250662520116634e+00
5.023389744165737802e+00
5.040546860208888091e+00
5.057721973183267217e+00
5.074915045739208708e+00
5.092126040643200291e+00
5.109354920777396281e+00
5.126601649139131744e+00
5.143866188840462428e+00
5.161148503107688690e+00
5.178448555280870558e+00
5.195766308813360546e+00
5.213101727271368446e+00
5.230454774333448853e+00
5.247825413790081051e+00
5.265213609543176076e+00
5.282619325605655725e+00
5.300042526100964047e+00
5.317483175262632145e+00
5.334941237433829642e+00
5.352416677066909934e+00
5.369909458722972317e+00
5.387419547071407244e+00
5.404946906889469105e+00
5.422491503061832141e+00
5.440053300580149021e+00
5.457632264542620071e+00
5.475228360153574059e+00
5.492841552723011667e+00
5.510471807666201371e+00
5.528119090503243349e+00
5.545783366858652919e+00
5.563464602460928887e+00
5.581162763142137884e+00
5.598877814837514677e+00
5.616609723585016312e+00
5.634358455524938414e+00
5.652123976899484425e+00
5.669906254052363259e+00
5.687705253428396723e+00
5.705520941573087867e+00
5.723353285132238177e+00
5.741202250851547007e+00
5.759067805576197685e+00
5.776949916250486261e+00
5.794848549917391622e+00
5.812763673718226443e+00
5.830695254892207302e+00
5.848643260776084318e+00
5.866607658803759229e+00
5.884588416505888375e+00
5.902585501509501675e+00
5.920598881537631364e+00
5.938628524408922083e+00
5.956674398037262286e+00
5.974736470431398772e+00
5.992814709694568087e+00
6.010909084024135929e+00
6.029019561711205455e+00
6.047146111140264679e+00
6.065288700788814324e+00
6.083447299227004557e+00
6.101621875117277938e+00
6.119812397213990174e+00
6.138018834363082377e+00
6.156241155501689377e+00
6.174479329657803994e+00
6.192733325949926204e+00
6.211003113586688329e+00
6.229288661866533516e+00
6.247589940177345369e+00
6.265906917996111325e+00
6.284239564888579821e+00
6.302587850508897027e+00
6.320951744599295097e+00
6.339331216989720019e+00
6.357726237597518981e+00
6.376136776427087760e+00
6.394562803569540321e+00
6.413004289202373975e+00
6.431461203589142528e+00
6.449933517079109890e+00
6.468421200106940105e+00
6.486924223192356287e+00
6.505442556939822651e+00
6.523976172038216781e+00
6.542525039260498332e+00
6.561089129463410607e+00
6.579668413587138609e+00
6.598262862654993732e+00
6.616872447773109123e+00
6.635497140130109273e+00
6.654136910996816923e+00
6.672791731725912001e+00
6.691461573751647407e+00
6.710146408589523936e+00
6.728846207835988302e+00
6.747560943168124936e+00
6.766290586343355784e+00
6.785035109199127668e+00
6.803794483652618297e+00
6.822568681700428961e+00
6.841357675418290540e+00
6.860161436960774850e+00
6.878979938560969565e+00
6.897813152530211767e+00
6.916661051257779746e+00
6.935523607210607011e+00
6.954400792932989184e+00
6.973292581046294458e+00
6.992198944248666947e+00
7.011119855314760230e+00
7.030055287095432703e+00
7.049005212517467811e+00
7.067969604583305809e+00
7.086948436370732018e+00
7.105941681032629909e+00
7.124949311796675566e+00
7.143971301965082787e+00
7.163007624914308202e+00
7.182058254094787486e+00
7.201123163030641372e+00
7.220202325319450054e+00
7.239295714631921008e+00
7.258403304711666948e+00
7.277525069374910061e+00
7.296660982510225324e+00
7.315811018078276717e+00
7.334975150111540110e+00
7.354153352714052794e+00
7.373345600061148808e+00
7.392551866399179161e+00
7.411772126045279130e+00
7.431006353387091146e+00
7.450254522882518771e+00
7.469516609059453138e+00
7.488792586515526040e+00
7.508082429917870115e+00
7.527386114002842632e+00
7.546703613575785674e+00
7.566034903510772125e+00
7.585379958750356089e+00
7.604738754305325088e+00
7.624111265254454928e+00
7.643497466744257451e+00
7.662897333988734516e+00
7.682310842269152396e+00
7.701737966933762891e+00
7.721178683397598164e+00
7.740632967142214937e+00
7.760100793715442258e+00
7.779582138731158558e+00
7.799076977869062510e+00
7.818585286874403906e+00
7.838107041557782040e+00
7.857642217794893469e+00
7.877190791526298419e+00
7.896752738757199630e+00
7.916328035557197218e+00
7.935916658060073736e+00
7.955518582463547261e+00
7.975133785029053790e+00
7.994762242081521642e+00
8.014403930009139643e+00
8.034058825263141301e+00
8.053726904357564109e+00
8.073408143869036380e+00
8.093102520436561420e+00
8.112810010761283053e+00
8.132530591606283110e+00
8.152264239796323864e+00
8.172010932217691703e+00
8.191770645817921803e+00
8.211543357605606275e+00
8.231329044650189886e+00
8.251127684081724922e+00
8.270939253090690002e+00
8.290763728927760923e+00
8.310601088903597500e+00
8.330451310388632180e+00
8.350314370812876419e+00
8.370190247665687977e+00
8.390078918495586180e+00
8.409980360910022767e+00
8.429894552575195377e+00
8.449821471215827273e+00
8.469761094614970176e+00
8.489713400613808858e+00
8.509678367111433772e+00
8.529655972064674074e+00
8.549646193487852486e+00
8.569649009452637856e+00
8.589664398087801800e+00
8.609692337579044619e+00
8.629732806168785686e+00
8.649785782155980485e+00
8.669851243895905668e+00
8.689929169799988529e+00
8.710019538335588507e+00
8.730122328025824885e+00
8.750237517449360070e+00
8.770365085240239722e+00
8.790505010087681370e+00
8.810657270735877233e+00
8.830821845983836127e+00
8.850998714685152535e+00
8.871187855747860951e+00
8.891389248134226264e+00
8.911602870860562575e+00
8.931828702997041347e+00
8.952066723667520876e+00
8.972316912049352666e+00
8.992579247373210904e+00
9.012853708922889950e+00
9.033140276035140914e+00
9.053438928099485139e+00
9.073749644558033012e+00
9.094072404905316986e+00
9.114407188688083750e+00
9.134753975505160994e+00
9.155112745007237152e+00
9.175483476896715729e+00
9.195866150927530569e+00
9.216260746904973544e+00
9.236667244685502709e+00
9.257085624176601968e+00
9.277515865336587453e+00
9.297957948174440546e+00
9.318411852749633795e+00
9.338877559171981702e+00
9.359355047601420452e+00
9.379844298247908441e+00
9.400345291371216661e+00
9.420858007280747515e+00
9.441382426335415801e+00
9.461918528943440876e+00
9.482466295562199221e+00
9.503025706698071673e+00
9.523596742906249801e+00
9.544179384790600906e+00
9.564773613003488606e+00
9.585379408245616517e+00
9.605996751265882594e+00
9.626625622861183729e+00
9.647266003876296736e+00
9.667917875203675848e+00
9.688581217783340804e+00
9.709256012602692110e+00
9.729942240696345834e+00
9.750639883146005715e+00
9.771348921080278416e+00
9.792069335674545627e+00
9.812801108150786433e+00
9.833544219777442308e+00
9.854298651869243031e+00
9.875064385787075238e+00
9.895841402937815445e+00
9.916629684774198594e+00
9.937429212794631539e+00
9.958239968543088239e+00
9.979061933608917911e+00
9.999895089626729572e+00
1.002073941827622861e+01
1.004159490128205867e+01
1.006246152041368447e+01
1.008333925748521409e+01
1.010422809435527292e+01
1.012512801292685616e+01
1.014603899514717433e+01
1.016696102300751825e+01
1.018789407854311158e+01
1.020883814383296873e+01
1.022979320099976519e+01
1.025075923220966523e+01
1.027173621967221528e+01
1.029272414564017879e+01
1.031372299240940826e+01
1.033473274231870853e+01
1.035575337774968219e+01
1.037678488112661057e+01
1.039782723491630101e+01
1.041888042162796069e+01
1.043994442381305277e+01
1.046101922406516671e+01
1.048210480501987085e+01
1.050320114935458982e+01
1.052430823978847130e+01
1.054542605908223862e+01
1.056655459003807174e+01
1.058769381549947219e+01
1.060884371835110507e+01
1.063000428151871724e+01
1.065117548796895797e+01
1.067235732070927945e+01
1.069354976278779823e+01
1.071475279729314778e+01
1.073596640735438079e+01
1.075719057614081109e+01
1.077842528686191415e+01
1.079967052276716721e+01
1.082092626714594985e+01
1.084219250332740714e+01
1.086346921468031823e+01
1.088475638461297557e+01
1.090605399657307117e+01
1.092736203404753859e+01
1.094868048056248000e+01
1.097000931968298154e+01
1.099134853501304931e+01
1.101269811019545308e+01
1.103405802891159659e+01
1.105542827488142876e+01
1.107680883186329801e+01
1.109819968365382614e+01
1.111960081408781775e+01
1.114101220703810746e+01
1.116243384641546754e+01
1.118386571616846581e+01
1.120530780028336437e+01
1.122676008278399884e+01
1.124822254773164687e+01
1.126969517922493402e+01
1.129117796139969165e+01
1.131267087842887165e+01
1.133417391452240075e+01
1.135568705392708289e+01
1.137721028092647835e+01
1.139874357984079545e+01
1.142028693502676440e+01
1.144184033087753960e+01
1.146340375182257176e+01
1.148497718232751197e+01
1.150656060689407489e+01
1.152815401005996065e+01
1.154975737639871625e+01
1.157137069051963252e+01
1.159299393706763581e+01
1.161462710072317783e+01
1.163627016620212729e+01
1.165792311825566685e+01
1.167958594167015463e+01
1.170125862126706195e+01
1.172294114190283132e+01
1.174463348846877331e+01
1.176633564589098135e+01
1.178804759913019495e+01
1.180976933318171795e+01
1.183150083307529599e+01
1.185324208387502587e+01
1.187499307067923304e+01
1.189675377862038275e+01
1.191852419286497167e+01
1.194030429861341247e+01
1.196209408109995209e+01
1.198389352559255272e+01
1.200570261739279054e+01
1.202752134183575805e+01
1.204934968428996633e+01
1.207118763015722429e+01
1.209303516487256935e+01
1.211489227390412893e+01
1.213675894275305822e+01
1.215863515695340524e+01
1.218052090207204863e+01
1.220241616370855553e+01
1.222432092749512123e+01
1.224623517909644832e+01
1.226815890420964905e+01
1.229009208856416713e+01
1.231203471792166582e+01
1.233398677807591248e+01
1.235594825485272708e+01
1.237791913410984712e+01
1.239989940173683891e+01
1.242188904365503532e+01
1.244388804581737418e+01
1.246589639420838402e+01
1.248791407484401539e+01
1.250994107377160525e+01
1.253197737706974557e+01
1.255402297084819452e+01
1.257607784124781425e+01
1.259814197444043238e+01
1.262021535662878691e+01
1.264229797404642497e+01
1.266438981295758381e+01
1.268649085965714463e+01
1.270860110047050995e+01
1.273072052175352198e+01
1.275284910989237552e+01
1.277498685130351674e+01
1.279713373243357388e+01
1.281928973975924713e+01
1.284145485978723578e+01
1.286362907905413522e+01
1.288581238412635521e+01
1.290800476160004706e+01
1.293020619810097216e+01
1.295241668028447179e+01
1.297463619483534814e+01
1.299686472846776297e+01
1.301910226792519332e+01
1.304134879998030350e+01
1.306360431143488654e+01
1.308586878911977358e+01
1.310814221989473261e+01
1.313042459064842049e+01
1.315271588829824445e+01
1.317501609979032651e+01
1.319732521209940224e+01
1.321964321222872130e+01
1.324197008720999413e+01
1.326430582410328896e+01
1.328665040999694469e+01
1.330900383200751413e+01
1.333136607727964851e+01
1.335373713298605125e+01
1.337611698632736612e+01
1.339850562453209726e+01
1.342090303485657010e+01
1.344330920458478928e+01
1.346572412102840843e+01
1.348814777152661826e+01
1.351058014344608971e+01
1.353302122418087627e+01
1.355547100115233938e+01
1.357792946180908800e+01
1.360039659362687026e+01
1.362287238410851131e+01
1.364535682078385115e+01
1.366784989120962202e+01
1.369035158296941646e+01
1.371286188367359316e+01
1.373538078095918813e+01
1.375790826248986143e+01
1.378044431595579766e+01
1.380298892907364738e+01
1.382554208958644715e+01
1.384810378526353603e+01
1.387067400390048455e+01
1.389325273331902721e+01
1.391583996136698786e+01
1.393843567591817312e+01
1.396103986487235105e+01
1.398365251615514637e+01
1.400627361771795165e+01
1.402890315753789530e+01
1.405154112361774565e+01
1.407418750398581331e+01
1.409684228669593509e+01
1.411950545982735505e+01
1.414217701148467299e+01
1.416485692979775557e+01
1.418754520292169907e+01
1.421024181903670858e+01
1.423294676634808020e+01
1.425566003308608920e+01
1.427838160750593666e+01
1.430111147788767489e+01
1.432384963253614885e+01
1.434659605978090191e+01
1.436935074797613687e+01
1.439211368550062176e+01
1.441488486075762410e+01
1.443766426217486831e+01
1.446045187820441846e+01
1.448324769732267292e+01
1.450605170803022226e+01
1.452886389885185814e+01
1.455168425833643475e+01
1.457451277505685638e+01
1.459734943760998327e+01
1.462019423461656764e+01
1.464304715472119156e+01
1.466590818659219586e+01
1.468877731892161087e+01
1.471165454042511733e+01
1.473453983984192917e+01
1.475743320593477748e+01
1.478033462748982885e+01
1.480324409331659652e+01
1.482616159224791730e+01
1.484908711313984497e+01
1.487202064487163256e+01
1.489496217634561681e+01
1.491791169648718807e+01
1.494086919424472626e+01
1.496383465858951922e+01
1.498680807851571117e+01
1.500978944304023877e+01
1.503277874120276536e+01
1.505577596206562241e+01
1.507878109471374017e+01
1.510179412825460155e+01
1.512481505181814967e+01
1.514784385455675597e+01
1.517088052564515444e+01
1.519392505428035456e+01
1.521697742968160760e+01
1.524003764109034798e+01
1.526310567777010618e+01
1.528618152900647509e+01
1.530926518410701753e+01
1.533235663240125213e+01
1.535545586324055378e+01
1.537856286599810574e+01
1.540167763006885338e+01
1.542480014486941897e+01
1.544793039983807681e+01
1.547106838443465548e+01
1.549421408814050594e+01
1.551736750045844104e+01
1.554052861091265747e+01
1.556369740904871080e+01
1.558687388443342670e+01
1.561005802665486009e+01
1.563324982532222407e+01
1.565644927006585085e+01
1.567965635053711893e+01
1.570287105640841219e+01
1.572609337737303470e+01
1.574932330314519291e+01
1.577256082345990151e+01
1.579580592807295858e+01
1.581905860676086917e+01
1.584231884932079559e+01
1.586558664557050591e+01
1.588886198534830640e+01
1.591214485851300431e+01
1.593543525494383850e+01
1.595873316454043689e+01
1.598203857722273824e+01
1.600535148293096555e+01
1.602867187162555851e+01
1.605199973328712559e+01
1.607533505791636941e+01
1.609867783553405829e+01
1.612202805618097301e+01
1.614538570991781796e+01
1.616875078682522116e+01
1.619212327700363829e+01
1.621550317057331725e+01
1.623889045767423767e+01
1.626228512846607543e+01
1.628568717312813163e+01
1.630909658185928635e+01
1.633251334487795603e+01
1.635593745242201535e+01
1.637936889474877944e+01
1.640280766213494701e+01
1.642625374487650092e+01
1.644970713328872947e+01
1.647316781770613048e+01
1.649663578848236156e+01
1.652011103599020814e+01
1.654359355062151593e+01
1.656708332278716611e+01
1.659058034291697581e+01
1.661408460145970167e+01
1.663759608888296881e+01
1.666111479567321041e+01
1.668464071233562507e+01
1.670817382939414486e+01
1.673171413739135716e+01
1.675526162688847620e+01
1.677881628846528983e+01
1.680237811272010617e+01
1.682594709026970037e+01
1.684952321174929324e+01
1.687310646781246959e+01
1.689669684913113912e+01
1.692029434639550445e+01
1.694389895031400073e+01
1.696751065161323879e+01
1.699112944103799094e+01
1.701475530935110569e+01
1.703838824733347224e+01
1.706202824578398847e+01
1.708567529551949349e+01
1.710932938737474984e+01
1.713299051220234759e+01
1.715665866087272207e+01
1.718033382427404021e+01
1.720401599331221831e+01
1.722770515891082965e+01
1.725140131201106897e+01
1.727510444357173824e+01
1.729881454456914369e+01
1.732253160599710995e+01
1.734625561886689482e+01
1.736998657420715375e+01
1.739372446306390785e+01
1.741746927650047994e+01
1.744122100559746258e+01
1.746497964145268611e+01
1.748874517518113691e+01
1.751251759791493257e+01
1.753629690080331471e+01
1.756008307501252119e+01
1.758387611172583576e+01
1.760767600214347794e+01
1.763148273748259243e+01
1.765529630897717794e+01
1.767911670787808376e+01
1.770294392545293505e+01
1.772677795298610093e+01
1.775061878177864472e+01
1.777446640314829196e+01
1.779832080842938780e+01
1.782218198897284367e+01
1.784604993614609114e+01
1.786992464133307479e+01
1.789380609593415983e+01
1.791769429136613212e+01
1.794158921906213422e+01
1.796549087047162629e+01
1.798939923706035771e+01
1.801331431031029950e+01
1.803723608171964088e+01
1.806116454280271810e+01
1.808509968508996835e+01
1.810904150012792613e+01
1.813298997947913804e+01
1.815694511472216988e+01
1.818090689745151423e+01
1.820487531927758695e+01
1.822885037182668100e+01
1.825283204674091664e+01
1.827682033567820241e+01
1.830081523031220669e+01
1.832481672233230796e+01
1.834882480344356281e+01
1.837283946536664914e+01
1.839686069983785188e+01
1.842088849860900979e+01
1.844492285344747629e+01
1.846896375613608043e+01
1.849301119847309138e+01
1.851706517227218285e+01
1.854112566936239404e+01
1.856519268158806568e+01
1.858926620080885073e+01
1.861334621889963259e+01
1.863743272775051096e+01
1.866152571926675208e+01
1.868562518536875672e+01
1.870973111799203181e+01
1.873384350908711227e+01
1.875796235061958939e+01
1.878208763457001851e+01
1.880621935293389768e+01
1.883035749772164635e+01
1.885450206095854497e+01
1.887865303468471367e+01
1.890281041095507319e+01
1.892697418183929514e+01
1.895114433942178778e+01
1.897532087580164628e+01
1.899950378309261012e+01
1.902369305342304173e+01
1.904788867893587678e+01
1.907209065178860641e+01
1.909629896415321682e+01
1.912051360821616797e+01
1.914473457617837582e+01
1.916896186025512350e+01
1.919319545267609328e+01
1.921743534568527068e+01
1.924168153154095506e+01
1.926593400251569932e+01
1.929019275089627428e+01
1.931445776898365096e+01
1.933872904909295443e+01
1.936300658355341753e+01
1.938729036470838807e+01
1.941158038491522220e+01
1.943587663654533770e+01
1.946017911198410744e+01
1.948448780363085930e+01
1.950880270389883719e+01
1.953312380521516900e+01
1.955745110002082399e+01
1.958178458077058792e+01
1.960612423993302400e+01
1.963047006999044797e+01
1.965482206343887128e+01
1.967918021278800467e+01
1.970354451056120126e+01
1.972791494929540690e+01
1.975229152154117784e+01
1.977667421986258844e+01
1.980106303683725599e+01
1.982545796505624836e+01
1.984985899712410529e+01
1.987426612565878159e+01
1.989867934329159382e+01
1.992309864266724162e+01
1.994752401644371531e+01
1.997195545729230659e+01
1.999639295789756943e+01
2.002083651095725969e+01
2.004528610918234577e+01
2.006974174529694821e+01
2.009420341203830418e+01
2.011867110215676036e+01
2.014314480841572674e+01
2.016762452359164470e+01
2.019211024047395142e+01
2.021660195186506570e+01
2.024109965058034888e+01
2.026560332944804443e+01
2.029011298130931351e+01
2.031462859901813189e+01
2.033915017544130421e+01
2.036367770345843198e+01
2.038821117596184607e+01
2.041275058585663160e+01
2.043729592606053913e+01
2.046184718950400949e+01
2.048640436913009566e+01
2.051096745789446629e+01
2.053553644876537376e+01
2.056011133472359020e+01
2.058469210876241462e+01
2.060927876388764091e+01
2.063387129311749746e+01
2.065846968948265072e+01
2.068307394602616256e+01
2.070768405580345473e+01
2.073230001188230176e+01
2.075692180734275993e+01
2.078154943527718146e+01
2.080618288879017186e+01
2.083082216099854378e+01
2.085546724503132410e+01
2.088011813402967221e+01
2.090477482114691199e+01
2.092943729954844301e+01
2.095410556241176891e+01
2.097877960292643706e+01
2.100345941429399943e+01
2.102814498972801971e+01
2.105283632245400938e+01
2.107753340570942413e+01
2.110223623274363902e+01
2.112694479681788096e+01
2.115165909120526067e+01
2.117637910919068389e+01
2.120110484407087625e+01
2.122583628915432286e+01
2.125057343776124696e+01
2.127531628322359580e+01
2.130006481888498726e+01
2.132481903810072410e+01
2.134957893423771225e+01
2.137434450067448211e+01
2.139911573080113527e+01
2.142389261801933031e+01
2.144867515574223660e+01
2.147346333739453783e+01
2.149825715641237522e+01
2.152305660624334394e+01
2.154786168034644334e+01
2.157267237219206990e+01
2.159748867526199945e+01
2.162231058304932318e+01
2.164713808905845838e+01
2.167197118680509149e+01
2.169680986981619242e+01
2.172165413162995051e+01
2.174650396579575329e+01
2.177135936587419707e+01
2.179622032543699817e+01
2.182108683806703198e+01
2.184595889735827257e+01
2.187083649691575715e+01
2.189571963035559321e+01
2.192060829130490873e+01
2.194550247340183091e+01
2.197040217029547193e+01
2.199530737564588634e+01
2.202021808312407103e+01
2.204513428641190131e+01
2.207005597920214868e+01
2.209498315519842393e+01
2.211991580811517721e+01
2.214485393167764116e+01
2.216979751962183798e+01
2.219474656569454751e+01
2.221970106365327879e+01
2.224466100726621320e+01
2.226962639031225422e+01
2.229459720658092436e+01
2.231957344987240077e+01
2.234455511399745475e+01
2.236954219277743761e+01
2.239453468004427350e+01
2.241953256964039554e+01
2.244453585541877061e+01
2.246954453124283191e+01
2.249455859098648247e+01
2.251957802853406321e+01
2.254460283778034224e+01
2.256963301263045452e+01
2.259466854699991600e+01
2.261970943481459173e+01
2.264475567001064249e+01
2.266980724653455326e+01
2.269486415834306925e+01
2.271992639940319236e+01
2.274499396369215631e+01
2.277006684519736979e+01
2.279514503791646263e+01
2.282022853585718281e+01
2.284531733303744971e+01
2.287041142348529021e+01
2.289551080123877824e+01
2.292061546034610586e+01
2.294572539486550156e+01
2.297084059886517338e+01
2.299596106642338711e+01
2.302108679162833127e+01
2.304621776857819171e+01
2.307135399138105925e+01
2.309649545415494742e+01
2.312164215102776410e+01
2.314679407613724749e+01
2.317195122363100879e+01
2.319711358766648246e+01
2.322228116241089424e+01
2.324745394204124693e+01
2.327263192074428488e+01
2.329781509271651530e+01
2.332300345216413007e+01
2.334819699330303422e+01
2.337339571035878194e+01
2.339859959756658014e+01
2.342380864917127070e+01
2.344902285942729137e+01
2.347424222259866511e+01
2.349946673295897881e+01
2.352469638479133707e+01
2.354993117238840483e+01
2.357517109005231504e+01
2.360041613209468636e+01
2.362566629283659836e+01
2.365092156660854883e+01
2.367618194775046092e+01
2.370144743061166892e+01
2.372671800955084009e+01
2.375199367893603153e+01
2.377727443314460487e+01
2.380256026656324408e+01
2.382785117358792704e+01
2.385314714862388641e+01
2.387844818608562747e+01
2.390375428039685346e+01
2.392906542599050113e+01
2.395438161730868387e+01
2.397970284880268821e+01
2.400502911493294889e+01
2.403036041016901336e+01
2.405569672898956313e+01
2.408103806588234619e+01
2.410638441534417709e+01
2.413173577188094399e+01
2.415709213000752698e+01
2.418245348424783714e+01
2.420781982913477748e+01
2.423319115921020028e+01
2.425856746902493910e+01
2.428394875313870216e+01
2.430933500612017184e+01
2.433472622254688034e+01
2.436012239700523452e+01
2.438552352409052304e+01
2.441092959840682752e+01
2.443634061456705808e+01
2.446175656719294267e+01
2.448717745091494180e+01
2.451260326037230897e+01
2.453803399021300535e+01
2.456346963509373893e+01
2.458891018967988984e+01
2.461435564864553527e+01
2.463980600667343168e+01
2.466526125845491890e+01
2.469072139869001603e+01
2.471618642208733263e+01
2.474165632336405451e+01
2.476713109724595441e+01
2.479261073846732799e+01
2.481809524177102588e+01
2.484358460190840390e+01
2.486907881363930528e+01
2.489457787173206427e+01
2.492008177096345278e+01
2.494559050611869111e+01
2.497110407199143367e+01
2.499662246338371929e+01
2.502214567510599608e+01
2.504767370197703613e+01
2.507320653882400663e+01
2.509874418048238098e+01
2.512428662179595307e+01
2.514983385761681234e+01
2.517538588280532608e+01
2.520094269223011096e+01
2.522650428076804019e+01
2.525207064330421503e+01
2.527764177473192930e+01
2.530321766995267296e+01
2.532879832387609653e+01
2.535438373142002888e+01
2.537997388751042038e+01
2.540556878708134647e+01
2.543116842507497566e+01
2.545677279644157309e+01
2.548238189613946147e+01
2.550799571913503172e+01
2.553361426040269322e+01
2.555923751492486673e+01
2.558486547769198438e+01
2.561049814370246125e+01
2.563613550796267049e+01
2.566177756548695399e+01
2.568742431129754067e+01
2.571307574042462463e+01
2.573873184790626567e+01
2.576439262878842840e+01
2.579005807812492534e+01
2.581572819097740989e+01
2.584140296241539048e+01
2.586708238751617372e+01
2.589276646136487869e+01
2.591845517905440133e+01
2.594414853568537893e+01
2.596984652636623281e+01
2.599554914621310076e+01
2.602125639034984061e+01
2.604696825390801962e+01
2.607268473202686110e+01
2.609840581985328001e+01
2.612413151254184029e+01
2.614986180525474424e+01
2.617559669316180759e+01
2.620133617144044891e+01
2.622708023527567178e+01
2.625282887986006486e+01
2.627858210039375919e+01
2.630433989208443535e+01
2.633010225014729144e+01
2.635586916980504313e+01
2.638164064628789163e+01
2.640741667483350952e+01
2.643319725068705495e+01
2.645898236910109702e+01
2.648477202533566910e+01
2.651056621465820129e+01
2.653636493234352045e+01
2.656216817367386085e+01
2.658797593393879666e+01
2.661378820843527038e+01
2.663960499246755376e+01
2.666542628134726201e+01
2.669125207039330405e+01
2.671708235493186834e+01
2.674291713029644413e+01
2.676875639182776467e+01
2.679460013487382852e+01
2.682044835478985334e+01
2.684630104693827235e+01
2.687215820668872723e+01
2.689801982941805392e+01
2.692388591051024704e+01
2.694975644535646708e+01
2.697563142935501190e+01
2.700151085791130967e+01
2.702739472643790108e+01
2.705328303035443582e+01
2.707917576508764057e+01
2.710507292607130125e+01
2.713097450874627725e+01
2.715688050856044455e+01
2.718279092096873129e+01
2.720870574143307152e+01
2.723462496542236977e+01
2.726054858841255069e+01
2.728647660588648094e+01
2.731240901333399762e+01
2.733834580625187627e+01
2.736428698014378824e+01
2.739023253052036466e+01
2.741618245289909694e+01
2.744213674280437942e+01
2.746809539576747383e+01
2.749405840732647377e+01
2.752002577302633313e+01
2.754599748841884121e+01
2.757197354906258724e+01
2.759795395052297096e+01
2.762393868837215294e+01
2.764992775818907944e+01
2.767592115555947174e+01
2.770191887607576575e+01
2.772792091533715464e+01
2.775392726894952133e+01
2.777993793252545984e+01
2.780595290168427880e+01
2.783197217205191976e+01
2.785799573926102468e+01
2.788402359895085070e+01
2.791005574676732337e+01
2.793609217836296210e+01
2.796213288939690500e+01
2.798817787553489467e+01
2.801422713244923202e+01
2.804028065581881179e+01
2.806633844132905864e+01
2.809240048467195905e+01
2.811846678154602586e+01
2.814453732765626626e+01
2.817061211871421378e+01
2.819669115043787855e+01
2.822277441855175084e+01
2.824886191878679043e+01
2.827495364688038038e+01
2.830104959857636260e+01
2.832714976962500941e+01
2.835325415578298447e+01
2.837936275281336407e+01
2.840547555648559452e+01
2.843159256257550993e+01
2.845771376686529308e+01
2.848383916514348257e+01
2.850996875320495150e+01
2.853610252685087545e+01
2.856224048188875386e+01
2.858838261413238513e+01
2.861452891940184884e+01
2.864067939352349512e+01
2.866683403232991623e+01
2.869299283165997849e+01
2.871915578735875840e+01
2.874532289527756035e+01
2.877149415127391308e+01
2.879766955121151284e+01
2.882384909096025538e+01
2.885003276639621106e+01
2.887622057340160353e+01
2.890241250786481331e+01
2.892860856568032446e+01
2.895480874274878502e+01
2.898101303497692882e+01
2.900722143827759680e+01
2.903343394856970860e+01
2.905965056177824835e+01
2.908587127383429305e+01
2.911209608067494514e+01
2.913832497824335732e+01
2.916455796248869348e+01
2.919079502936613935e+01
2.921703617483688831e+01
2.924328139486812006e+01
2.926953068543299352e+01
2.929578404251062906e+01
2.932204146208610140e+01
2.934830294015043961e+01
2.937456847270059157e+01
2.940083805573944176e+01
2.942711168527575083e+01
2.945338935732420893e+01
2.947967106790537883e+01
2.950595681304568885e+01
2.953224658877743991e+01
2.955854039113878073e+01
2.958483821617368292e+01
2.961114005993197651e+01
2.963744591846927534e+01
2.966375578784702682e+01
2.969006966413243731e+01
2.971638754339852184e+01
2.974270942172406151e+01
2.976903529519358571e+01
2.979536515989738987e+01
2.982169901193147155e+01
2.984803684739759078e+01
2.987437866240319551e+01
2.990072445306145354e+01
2.992707421549123481e+01
2.995342794581704027e+01
2.997978564016909431e+01
3.000614729468325592e+01
3.003251290550102581e+01
3.005888246876956771e+01
3.008525598064162310e+01
3.011163343727559649e+01
3.013801483483547372e+01
3.016440016949083613e+01
3.019078943741685706e+01
3.021718263479425204e+01
3.024357975780932151e+01
3.026998080265391167e+01
3.029638576552541096e+01
3.032279464262672519e+01
3.034920743016627043e+01
3.037562412435799075e+01
3.040204472142131920e+01
3.042846921758116352e+01
3.045489760906792398e+01
3.048132989211744359e+01
3.050776606297101878e+01
3.053420611787542427e+01
3.056065005308282423e+01
3.058709786485083981e+01
3.061354954944246742e+01
3.064000510312612491e+01
3.066646452217563379e+01
3.069292780287016598e+01
3.071939494149430061e+01
3.074586593433792814e+01
3.077234077769633558e+01
3.079881946787011060e+01
3.082530200116519836e+01
3.085178837389286244e+01
3.087827858236964218e+01
3.090477262291740246e+01
3.093127049186329458e+01
3.095777218553973853e+01
3.098427770028444073e+01
3.101078703244033719e+01
3.103730017835562549e+01
3.106381713438374703e+01
3.109033789688335858e+01
3.111686246221835717e+01
3.114339082675780546e+01
3.116992298687600638e+01
3.119645893895242494e+01
3.122299867937172380e+01
3.124954220452371700e+01
3.127608951080337718e+01
3.130264059461082837e+01
3.132919545235134251e+01
3.135575408043530743e+01
3.138231647527824819e+01
3.140888263330077024e+01
3.143545255092859492e+01
3.146202622459253817e+01
3.148860365072849277e+01
3.151518482577742475e+01
3.154176974618534146e+01
3.156835840840332352e+01
3.159495080888749285e+01
3.162154694409899491e+01
3.164814681050399869e+01
3.167475040457368607e+01
3.170135772278424113e+01
3.172796876161685020e+01
3.175458351755768405e+01
3.178120198709788724e+01
3.180782416673355684e+01
3.183445005296576369e+01
3.186107964230051692e+01
3.188771293124877459e+01
3.191434991632641527e+01
3.194099059405422381e+01
3.196763496095792689e+01
3.199428301356812199e+01
3.202093474842031640e+01
3.204759016205489530e+01
3.207424925101710755e+01
3.210091201185708343e+01
3.212757844112979910e+01
3.215424853539507666e+01
3.218092229121757697e+01
3.220759970516677839e+01
3.223428077381699808e+01
3.226096549374734934e+01
3.228765386154174877e+01
3.231434587378890910e+01
3.234104152708231084e+01
3.236774081802021641e+01
3.239444374320567732e+01
3.242115029924647018e+01
3.244786048275513934e+01
3.247457429034893295e+01
3.250129171864985977e+01
3.252801276428464661e+01
3.255473742388473823e+01
3.258146569408626902e+01
3.260819757153005582e+01
3.263493305286163348e+01
3.266167213473118380e+01
3.268841481379357106e+01
3.271516108670834200e+01
3.274191095013963348e+01
3.276866440075627906e+01
3.279542143523173081e+01
3.282218205024405933e+01
3.284894624247596084e+01
3.287571400861472881e+01
3.290248534535226099e+01
3.292926024938505947e+01
3.295603871741418089e+01
3.298282074614528625e+01
3.300960633228856977e+01
3.303639547255881581e+01
3.306318816367532776e+01
3.308998440236198491e+01
3.311678418534717139e+01
3.314358750936377618e+01
3.317039437114925704e+01
3.319720476744552684e+01
3.322401869499904592e+01
3.325083615056072261e+01
3.327765713088597010e+01
3.330448163273464957e+01
3.333130965287112701e+01
3.335814118806420936e+01
3.338497623508714440e+01
3.341181479071762084e+01
3.343865685173777536e+01
3.346550241493414291e+01
3.349235147709770644e+01
3.351920403502385426e+01
3.354606008551233032e+01
3.357291962536732655e+01
3.359978265139740472e+01
3.362664916041548224e+01
3.365351914923886767e+01
3.368039261468920387e+01
3.370726955359252486e+01
3.373414996277917766e+01
3.376103383908385780e+01
3.378792117934559514e+01
3.381481198040771829e+01
3.384170623911789022e+01
3.386860395232807264e+01
3.389550511689452605e+01
3.392240972967779555e+01
3.394931778754271079e+01
3.397622928735837178e+01
3.400314422599815600e+01
3.403006260033968999e+01
3.405698440726485643e+01
3.408390964365976572e+01
3.411083830641478443e+01
3.413777039242448552e+01
3.416470589858768392e+01
3.419164482180739384e+01
3.421858715899084302e+01
3.424553290704943009e+01
3.427248206289878141e+01
3.429943462345867289e+01
3.432639058565308687e+01
3.435334994641014106e+01
3.438031270266211692e+01
3.440727885134547392e+01
3.443424838940077848e+01
3.446122131377277498e+01
3.448819762141030054e+01
3.451517730926632765e+01
3.454216037429794994e+01
3.456914681346637508e+01
3.459613662373688214e+01
3.462312980207885005e+01
3.465012634546576464e+01
3.467712625087516898e+01
3.470412951528869172e+01
3.473113613569201164e+01
3.475814610907486468e+01
3.478515943243102981e+01
3.481217610275835739e+01
3.483919611705869102e+01
3.486621947233793151e+01
3.489324616560597292e+01
3.492027619387674520e+01
3.494730955416817153e+01
3.497434624350217547e+01
3.500138625890468091e+01
3.502842959740556950e+01
3.505547625603871609e+01
3.508252623184198171e+01
3.510957952185716380e+01
3.513663612313001749e+01
3.516369603271026278e+01
3.519075924765154184e+01
3.521782576501144746e+01
3.524489558185149463e+01
3.527196869523712053e+01
3.529904510223764902e+01
3.532612479992635457e+01
3.535320778538037700e+01
3.538029405568077124e+01
3.540738360791247175e+01
3.543447643916425704e+01
3.546157254652884205e+01
3.548867192710275020e+01
3.551577457798639159e+01
3.554288049628403456e+01
3.556998967910375598e+01
3.559710212355751224e+01
3.562421782676104698e+01
3.565133678583397625e+01
3.567845899789970332e+01
3.570558446008543996e+01
3.573271316952221355e+01
3.575984512334483867e+01
3.578698031869193841e+01
3.581411875270589462e+01
3.584126042253289768e+01
3.586840532532286829e+01
3.589555345822951438e+01
3.592270481841030971e+01
3.594985940302647975e+01
3.597701720924295188e+01
3.600417823422844066e+01
3.603134247515536259e+01
3.605850992919987164e+01
3.608568059354184498e+01
3.611285446536484045e+01
3.614003154185616040e+01
3.616721182020678071e+01
3.619439529761137209e+01
3.622158197126830004e+01
3.624877183837958228e+01
3.627596489615095976e+01
3.630316114179177589e+01
3.633036057251509732e+01
3.635756318553759314e+01
3.638476897807959887e+01
3.641197794736508797e+01
3.643919009062168612e+01
3.646640540508060724e+01
3.649362388797673873e+01
3.652084553654852783e+01
3.654807034803806687e+01
3.657529831969104350e+01
3.660252944875673364e+01
3.662976373248801565e+01
3.665700116814132770e+01
3.668424175297672463e+01
3.671148548425779268e+01
3.673873235925169922e+01
3.676598237522919277e+01
3.679323552946452480e+01
3.682049181923553505e+01
3.684775124182359463e+01
3.687501379451359185e+01
3.690227947459396773e+01
3.692954827935667339e+01
3.695682020609717000e+01
3.698409525211442883e+01
3.701137341471093833e+01
3.703865469119267573e+01
3.706593907886910699e+01
3.709322657505318688e+01
3.712051717706135889e+01
3.714781088221351979e+01
3.717510768783306219e+01
3.720240759124681063e+01
3.722971058978504288e+01
3.725701668078153261e+01
3.728432586157344986e+01
3.731163812950142500e+01
3.733895348190950614e+01
3.736627191614518040e+01
3.739359342955935261e+01
3.742091801950633823e+01
3.744824568334386328e+01
3.747557641843305021e+01
3.750291022213841785e+01
3.753024709182789564e+01
3.755758702487278100e+01
3.758493001864774641e+01
3.761227607053084654e+01
3.763962517790349693e+01
3.766697733815048821e+01
3.769433254865996474e+01
3.772169080682339626e+01
3.774905211003563466e+01
3.777641645569483586e+01
3.780378384120252377e+01
3.783115426396351211e+01
3.785852772138596833e+01
3.788590421088136395e+01
3.791328372986447448e+01
3.794066627575338657e+01
3.796805184596949800e+01
3.799544043793748216e+01
3.802283204908530223e+01
3.805022667684419702e+01
3.807762431864872354e+01
3.810502497193665050e+01
3.813242863414908612e+01
3.815983530273029345e+01
3.818724497512789640e+01
3.821465764879270921e+01
3.824207332117880043e+01
3.826949198974349287e+01
3.829691365194731389e+01
3.832433830525404517e+01
3.835176594713066578e+01
3.837919657504739490e+01
3.840663018647764915e+01
3.843406677889804968e+01
3.846150634978840799e+01
3.848894889663176855e+01
3.851639441691432353e+01
3.854384290812547675e+01
3.857129436775777265e+01
3.859874879330697439e+01
3.862620618227199287e+01
3.865366653215488668e+01
3.868112984046090475e+01
3.870859610469841527e+01
3.873606532237894129e+01
3.876353749101716062e+01
3.879101260813088459e+01
3.881849067124104380e+01
3.884597167787168814e+01
3.887345562555000811e+01
3.890094251180629215e+01
3.892843233417395510e+01
3.895592509018950267e+01
3.898342077739253853e+01
3.901091939332576430e+01
3.903842093553497250e+01
3.906592540156904647e+01
3.909343278897993912e+01
3.912094309532265868e+01
3.914845631815531135e+01
3.917597245503905157e+01
3.920349150353809620e+01
3.923101346121972455e+01
3.925853832565422863e+01
3.928606609441498421e+01
3.931359676507837975e+01
3.934113033522385194e+01
3.936866680243385019e+01
3.939620616429384370e+01
3.942374841839232857e+01
3.945129356232083495e+01
3.947884159367384882e+01
3.950639251004890440e+01
3.953394630904650597e+01
3.956150298827016343e+01
3.958906254532637092e+01
3.961662497782459980e+01
3.964419028337731987e+01
3.967175845959993552e+01
3.969932950411084960e+01
3.972690341453140661e+01
3.975448018848593534e+01
3.978205982360169912e+01
3.980964231750891003e+01
3.983722766784071467e+01
3.986481587223321554e+01
3.989240692832544255e+01
3.992000083375935304e+01
3.994759758617982470e+01
3.997519718323465554e+01
4.000279962257455679e+01
4.003040490185316003e+01
4.005801301872698161e+01
4.008562397085545115e+01
4.011323775590088303e+01
4.014085437152849067e+01
4.016847381540637940e+01
4.019609608520551802e+01
4.022372117859975305e+01
4.025134909326580157e+01
4.027897982688327261e+01
4.030661337713459602e+01
4.033424974170510779e+01
4.036188891828292924e+01
4.038953090455909489e+01
4.041717569822743883e+01
4.044482329698465861e+01
4.047247369853027976e+01
4.050012690056663445e+01
4.052778290079891121e+01
4.055544169693509104e+01
4.058310328668599709e+01
4.061076766776524494e+01
4.063843483788924971e+01
4.066610479477724738e+01
4.069377753615124504e+01
4.072145305973607776e+01
4.074913136325933749e+01
4.077681244445140152e+01
4.080449630104544667e+01
4.083218293077739247e+01
4.085987233138596508e+01
4.088756450061262626e+01
4.091525943620159467e+01
4.094295713589987429e+01
4.097065759745719049e+01
4.099836081862603265e+01
4.102606679716164706e+01
4.105377553082196584e+01
4.108148701736770647e+01
4.110920125456228646e+01
4.113691824017185894e+01
4.116463797196531971e+01
4.119236044771422200e+01
4.122008566519288308e+01
4.124781362217829894e+01
4.127554431645018695e+01
4.130327774579095745e+01
4.133101390798569952e+01
4.135875280082220229e+01
4.138649442209095497e+01
4.141423876958508998e+01
4.144198584110047534e+01
4.146973563443557254e+01
4.149748814739157865e+01
4.152524337777231977e+01
4.155300132338428654e+01
4.158076198203664831e+01
4.160852535154118215e+01
4.163629142971233676e+01
4.166406021436721829e+01
4.169183170332552635e+01
4.171960589440963929e+01
4.174738278544452896e+01
4.177516237425782464e+01
4.180294465867974907e+01
4.183072963654316112e+01
4.185851730568352735e+01
4.188630766393890781e+01
4.191410070914997021e+01
4.194189643916001131e+01
4.196969485181488579e+01
4.199749594496307026e+01
4.202529971645559215e+01
4.205310616414610081e+01
4.208091528589081065e+01
4.210872707954850114e+01
4.213654154298053101e+01
4.216435867405082405e+01
4.219217847062586202e+01
4.222000093057469172e+01
4.224782605176892503e+01
4.227565383208270333e+01
4.230348426939271889e+01
4.233131736157820768e+01
4.235915310652095656e+01
4.238699150210527478e+01
4.241483254621800114e+01
4.244267623674848977e+01
4.247052257158864563e+01
4.249837154863286770e+01
4.252622316577807737e+01
4.255407742092371137e+01
4.258193431197168621e+01
4.260979383682646215e+01
4.263765599339495793e+01
4.266552077958662181e+01
4.269338819331336765e+01
4.272125823248958909e+01
4.274913089503218799e+01
4.277700617886052470e+01
4.280488408189644645e+01
4.283276460206425895e+01
4.286064773729074773e+01
4.288853348550514255e+01
4.291642184463914589e+01
4.294431281262690447e+01
4.297220638740505194e+01
4.300010256691260935e+01
4.302800134909107754e+01
4.305590273188439454e+01
4.308380671323892841e+01
4.311171329110349859e+01
4.313962246342930484e+01
4.316753422817001251e+01
4.319544858328169568e+01
4.322336552672284427e+01
4.325128505645435695e+01
4.327920717043954113e+01
4.330713186664412007e+01
4.333505914303620443e+01
4.336298899758630654e+01
4.339092142826733323e+01
4.341885643305459297e+01
4.344679400992575324e+01
4.347473415686088316e+01
4.350267687184243215e+01
4.353062215285522285e+01
4.355856999788642980e+01
4.358652040492561497e+01
4.361447337196470642e+01
4.364242889699797701e+01
4.367038697802207281e+01
4.369834761303597048e+01
4.372631080004101278e+01
4.375427653704089437e+01
4.378224482204161916e+01
4.381021565305157850e+01
4.383818902808143747e+01
4.386616494514424147e+01
4.389414340225534517e+01
4.392212439743241958e+01
4.395010792869548055e+01
4.397809399406681763e+01
4.400608259157106517e+01
4.403407371923516678e+01
4.406206737508835403e+01
4.409006355716217485e+01
4.411806226349045801e+01
4.414606349210934155e+01
4.417406724105727278e+01
4.420207350837492299e+01
4.423008229210532960e+01
4.425809359029373979e+01
4.428610740098773135e+01
4.431412372223712026e+01
4.434214255209398203e+01
4.437016388861272276e+01
4.439818772984992989e+01
4.442621407386450016e+01
4.445424291871757561e+01
4.448227426247255067e+01
4.451030810319507935e+01
4.453834443895301121e+01
4.456638326781649084e+01
4.459442458785790109e+01
4.462246839715182034e+01
4.465051469377509363e+01
4.467856347580678289e+01
4.470661474132815272e+01
4.473466848842272015e+01
4.476272471517621909e+01
4.479078341967657906e+01
4.481884460001393222e+01
4.484690825428064898e+01
4.487497438057128818e+01
4.490304297698261138e+01
4.493111404161356859e+01
4.495918757256530540e+01
4.498726356794117009e+01
4.501534202584670652e+01
4.504342294438959016e+01
4.507150632167973470e+01
4.509959215582922099e+01
4.512768044495225439e+01
4.515577118716527139e+01
4.518386438058685428e+01
4.521196002333775965e+01
4.524005811354084727e+01
4.526815864932120803e+01
4.529626162880605023e+01
4.532436705012474931e+01
4.535247491140880527e+01
4.538058521079187102e+01
4.540869794640974533e+01
4.543681311640035858e+01
4.546493071890379412e+01
4.549305075206223137e+01
4.552117321402000982e+01
4.554929810292357217e+01
4.557742541692147853e+01
4.560555515416443484e+01
4.563368731280524315e+01
4.566182189099880873e+01
4.568995888690216134e+01
4.571809829867441977e+01
4.574624012447682730e+01
4.577438436247270204e+01
4.580253101082746525e+01
4.583068006770862723e+01
4.585883153128581569e+01
4.588698539973069757e+01
4.591514167121705725e+01
4.594330034392073969e+01
4.597146141601965752e+01
4.599962488569385499e+01
4.602779075112537299e+01
4.605595901049835561e+01
4.608412966199900040e+01
4.611230270381556551e+01
4.614047813413838384e+01
4.616865595115982757e+01
4.619683615307432234e+01
4.622501873807832595e+01
4.625320370437037099e+01
4.628139105015102217e+01
4.630958077362287639e+01
4.633777287299055558e+01
4.636596734646074225e+01
4.639416419224213683e+01
4.642236340854545062e+01
4.645056499358343416e+01
4.647876894557087013e+01
4.650697526272452365e+01
4.653518394326319196e+01
4.656339498540771871e+01
4.659160838738089438e+01
4.661982414740755587e+01
4.664804226371452245e+01
4.667626273453063135e+01
4.670448555808669511e+01
4.673271073261554420e+01
4.676093825635197732e+01
4.678916812753276844e+01
4.681740034439673082e+01
4.684563490518459616e+01
4.687387180813912124e+01
4.690211105150503101e+01
4.693035263352896891e+01
4.695859655245961761e+01
4.698684280654759249e+01
4.701509139404549131e+01
4.704334231320783744e+01
4.707159556229116504e+01
4.709985113955391256e+01
4.712810904325647954e+01
4.715636927166125503e+01
4.718463182303251102e+01
4.721289669563653746e+01
4.724116388774148589e+01
4.726943339761749741e+01
4.729770522353664575e+01
4.732597936377290182e+01
4.735425581660219763e+01
4.738253458030236942e+01
4.741081565315320034e+01
4.743909903343637779e+01
4.746738471943550763e+01
4.749567270943610708e+01
4.752396300172562604e+01
4.755225559459337603e+01
4.758055048633063677e+01
4.760884767523054961e+01
4.763714715958815304e+01
4.766544893770041114e+01
4.769375300786614247e+01
4.772205936838611251e+01
4.775036801756294835e+01
4.777867895370113160e+01
4.780699217510705523e+01
4.783530768008902356e+01
4.786362546695715992e+01
4.789194553402351318e+01
4.792026787960197964e+01
4.794859250200831013e+01
4.797691939956015972e+01
4.800524857057700245e+01
4.803358001338024508e+01
4.806191372629305647e+01
4.809024970764053819e+01
4.811858795574961079e+01
4.814692846894904932e+01
4.817527124556950469e+01
4.820361628394341125e+01
4.823196358240511472e+01
4.826031313929073718e+01
4.828866495293827654e+01
4.831701902168757101e+01
4.834537534388025648e+01
4.837373391785983046e+01
4.840209474197158102e+01
4.843045781456265075e+01
4.845882313398202257e+01
4.848719069858040598e+01
4.851556050671043607e+01
4.854393255672647456e+01
4.857230684698475187e+01
4.860068337584328901e+01
4.862906214166190466e+01
4.865744314280218674e+01
4.868582637762758480e+01
4.871421184450331765e+01
4.874259954179638754e+01
4.877098946787559441e+01
4.879938162111154298e+01
4.882777599987660011e+01
4.885617260254493033e+01
4.888457142749248163e+01
4.891297247309696417e+01
4.894137573773787864e+01
4.896978121979648790e+01
4.899818891765584539e+01
4.902659882970075955e+01
4.905501095431779390e+01
4.908342528989528830e+01
4.911184183482335186e+01
4.914026058749380610e+01
4.916868154630029863e+01
4.919710470963817528e+01
4.922553007590454399e+01
4.925395764349826067e+01
4.928238741081995755e+01
4.931081937627195799e+01
4.933925353825835458e+01
4.936768989518495943e+01
4.939612844545935388e+01
4.942456918749081751e+01
4.945301211969039201e+01
4.948145724047078886e+01
4.950990454824651010e+01
4.953835404143374177e+01
4.956680571845041072e+01
4.959525957771614202e+01
4.962371561765228734e+01
4.965217383668189655e+01
4.968063423322975325e+01
4.970909680572231792e+01
4.973756155258781320e+01
4.976602847225608173e+01
4.979449756315871412e+01
4.982296882372901337e+01
4.985144225240195937e+01
4.987991784761421599e+01
4.990839560780412398e+01
4.993687553141175783e+01
4.996535761687884758e+01
4.999384186264880725e+01
5.002232826716673486e+01
5.005081682887941241e+01
5.007930754623526326e+01
5.010780041768445869e+01
5.013629544167876162e+01
5.016479261667166867e+01
5.019329194111826808e+01
5.022179341347537473e+01
5.025029703220145194e+01
5.027880279575660438e+01
5.030731070260262072e+01
5.033582075120289545e+01
5.036433294002253547e+01
5.039284726752823929e+01
5.042136373218841072e+01
5.044988233247305232e+01
5.047840306685382927e+01
5.050692593380404105e+01
5.053545093179862135e+01
5.056397805931414524e+01
5.059250731482882202e+01
5.062103869682249524e+01
5.064957220377662139e+01
5.067810783417430542e+01
5.070664558650024389e+01
5.073518545924079604e+01
5.076372745088390559e+01
5.079227155991914344e+01
5.082081778483768630e+01
5.084936612413235935e+01
5.087791657629757225e+01
5.090646913982933341e+01
5.093502381322523576e+01
5.096358059498454196e+01
5.099213948360806370e+01
5.102070047759823979e+01
5.104926357545905802e+01
5.107782877569616886e+01
5.110639607681676466e+01
5.113496547732962227e+01
5.116353697574515991e+01
5.119211057057531633e+01
5.122068626033365746e+01
5.124926404353530529e+01
5.127784391869697345e+01
5.130642588433694584e+01
5.133500993897507669e+01
5.136359608113279052e+01
5.139218430933309634e+01
5.142077462210056638e+01
5.144936701796131473e+01
5.147796149544304001e+01
5.150655805307498269e+01
5.153515668938798910e+01
5.156375740291440479e+01
5.159236019218815272e+01
5.162096505574470484e+01
5.164957199212108918e+01
5.167818099985585434e+01
5.170679207748914763e+01
5.173540522356261562e+01
5.176402043661943253e+01
5.179263771520437132e+01
5.182125705786367575e+01
5.184987846314515991e+01
5.187850192959817264e+01
5.190712745577357623e+01
5.193575504022376776e+01
5.196438468150267198e+01
5.199301637816572708e+01
5.202165012876992733e+01
5.205028593187371655e+01
5.207892378603711592e+01
5.210756368982164588e+01
5.213620564179034744e+01
5.216484964050775375e+01
5.219349568453990429e+01
5.222214377245436623e+01
5.225079390282019176e+01
5.227944607420795364e+01
5.230810028518970256e+01
5.233675653433901687e+01
5.236541482023093153e+01
5.239407514144202338e+01
5.242273749655029746e+01
5.245140188413534332e+01
5.248006830277812185e+01
5.250873675106116423e+01
5.253740722756845116e+01
5.256607973088546970e+01
5.259475425959914219e+01
5.262343081229791153e+01
5.265210938757168435e+01
5.268078998401182389e+01
5.270947260021117842e+01
5.273815723476406703e+01
5.276684388626626543e+01
5.279553255331501305e+01
5.282422323450902013e+01
5.285291592844848196e+01
5.288161063373501491e+01
5.291030734897167775e+01
5.293900607276304271e+01
5.296770680371508178e+01
5.299640954043526619e+01
5.302511428153246698e+01
5.305382102561702595e+01
5.308252977130072736e+01
5.311124051719680494e+01
5.313995326191992064e+01
5.316866800408618587e+01
5.319738474231312608e+01
5.322610347521973040e+01
5.325482420142642326e+01
5.328354691955502886e+01
5.331227162822882093e+01
5.334099832607250136e+01
5.336972701171217182e+01
5.339845768377541191e+01
5.342719034089114416e+01
5.345592498168979034e+01
5.348466160480313647e+01
5.351340020886439675e+01
5.354214079250819935e+01
5.357088335437057935e+01
5.359962789308902131e+01
5.362837440730233851e+01
5.365712289565081505e+01
5.368587335677610639e+01
5.371462578932129617e+01
5.374338019193083937e+01
5.377213656325059787e+01
5.380089490192782620e+01
5.382965520661120706e+01
5.385841747595073770e+01
5.388718170859791456e+01
5.391594790320551311e+01
5.394471605842775119e+01
5.397348617292023221e+01
5.400225824533993091e+01
5.403103227434521472e+01
5.405980825859580108e+01
5.408858619675280721e+01
5.411736608747870747e+01
5.414614792943739019e+01
5.417493172129406531e+01
5.420371746171532834e+01
5.423250514936916744e+01
5.426129478292489949e+01
5.429008636105320562e+01
5.431887988242618093e+01
5.434767534571722081e+01
5.437647274960109911e+01
5.440527209275394682e+01
5.443407337385324496e+01
5.446287659157786010e+01
5.449168174460794489e+01
5.452048883162505888e+01
5.454929785131206899e+01
5.457810880235321349e+01
5.460692168343408781e+01
5.463573649324155923e+01
5.466455323046392323e+01
5.469337189379073294e+01
5.472219248191295549e+01
5.475101499352282985e+01
5.477983942731394507e+01
5.480866578198124017e+01
5.483749405622094031e+01
5.486632424873065617e+01
5.489515635820928452e+01
5.492399038335705086e+01
5.495282632287548097e+01
5.498166417546748619e+01
5.501050393983722131e+01
5.503934561469021247e+01
5.506818919873326479e+01
5.509703469067449078e+01
5.512588208922336719e+01
5.515473139309061423e+01
5.518358260098830925e+01
5.521243571162980857e+01
5.524129072372976879e+01
5.527014763600416813e+01
5.529900644717025671e+01
5.532786715594664173e+01
5.535672976105315257e+01
5.538559426121094731e+01
5.541446065514249142e+01
5.544332894157152936e+01
5.547219911922309876e+01
5.550107118682349494e+01
5.552994514310033480e+01
5.555882098678252135e+01
5.558769871660021522e+01
5.561657833128489870e+01
5.564545982956926906e+01
5.567434321018736654e+01
5.570322847187446058e+01
5.573211561336712805e+01
5.576100463340320346e+01
5.578989553072177898e+01
5.581878830406323289e+01
5.584768295216922240e+01
5.587657947378263401e+01
5.590547786764766869e+01
5.593437813250972113e+01
5.596328026711550763e+01
5.599218427021298794e+01
5.602109014055136527e+01
5.604999787688111468e+01
5.607890747795393338e+01
5.610781894252280466e+01
5.613673226934195526e+01
5.616564745716686247e+01
5.619456450475423281e+01
5.622348341086204471e+01
5.625240417424947736e+01
5.628132679367701741e+01
5.631025126790632385e+01
5.633917759570034178e+01
5.636810577582324555e+01
5.639703580704041741e+01
5.642596768811851149e+01
5.645490141782537563e+01
5.648383699493014376e+01
5.651277441820310088e+01
5.654171368641582518e+01
5.657065479834110278e+01
5.659959775275292060e+01
5.662854254842653035e+01
5.665748918413836321e+01
5.668643765866606543e+01
5.671538797078857641e+01
5.674434011928595112e+01
5.677329410293953060e+01
5.680224992053181410e+01
5.683120757084658692e+01
5.686016705266875704e+01
5.688912836478449009e+01
5.691809150598117384e+01
5.694705647504734003e+01
5.697602327077277096e+01
5.700499189194844973e+01
5.703396233736653187e+01
5.706293460582042343e+01
5.709190869610464603e+01
5.712088460701499315e+01
5.714986233734840937e+01
5.717884188590304717e+01
5.720782325147824565e+01
5.723680643287453051e+01
5.726579142889361407e+01
5.729477823833839523e+01
5.732376686001297372e+01
5.735275729272260747e+01
5.738174953527373390e+01
5.741074358647399123e+01
5.743973944513219720e+01
5.746873711005832064e+01
5.749773658006351695e+01
5.752673785396012107e+01
5.755574093056164742e+01
5.758474580868274728e+01
5.761375248713926567e+01
5.764276096474824129e+01
5.767177124032780000e+01
5.770078331269732530e+01
5.772979718067729493e+01
5.775881284308935193e+01
5.778783029875636146e+01
5.781684954650226160e+01
5.784587058515222679e+01
5.787489341353252570e+01
5.790391803047059227e+01
5.793294443479505418e+01
5.796197262533562622e+01
5.799100260092322401e+01
5.802003436038990003e+01
5.804906790256880100e+01
5.807810322629428867e+01
5.810714033040184745e+01
5.813617921372807729e+01
5.816521987511076475e+01
5.819426231338876221e+01
5.822330652740213708e+01
5.825235251599202968e+01
5.828140027800077405e+01
5.831044981227178425e+01
5.833950111764963253e+01
5.836855419298002090e+01
5.839760903710975271e+01
5.842666564888680369e+01
5.845572402716023674e+01
5.848478417078025160e+01
5.851384607859816356e+01
5.854290974946641768e+01
5.857197518223858879e+01
5.860104237576936015e+01
5.863011132891448796e+01
5.865918204053092211e+01
5.868825450947665701e+01
5.871732873461087365e+01
5.874640471479377624e+01
